2335809
2335793
2976752
3024447
2560800
2615078
2960680
2335486
3060122
2335785
2552906
2500771
2993650
2558498
2527802
2563797
3044633
2335516
2516131
2335779
2335447
2504227
2616900
2980488
2964410
2486965
2500118
2504171
2511303
2615260
2504814
2592866
2335521
2381659
2493018
3027993
2950864
2354258
3009715
2473720
2335820
2487019
2614929
2335890
2335629
2502364
2504956
2504174
2504643
2951482
2335652
3009725
2500160
2410611
2500663
2447636
2500138
2501511
2560711
2335748
2559785
2570368
2335298
2504179
2611321
2615270
2594612
2335654
2613965
2486932
2335243
2526108
2558612
2987934
2335744
2965138
2505262
2504172
2335796
2501685
2504169
2503056
2553271
2335655
2523679
2502414
2504552
2500664
2335513
2335670
2553993
2335464
2504613
2335674
2560090
2592872
3026131
2556644
2536133
2354088
2335690
3009718
3026139
3002086
3022677
2553304
2504639
2354564
2516141
2354087
2447637
2509286
2335519
2465553
2502589
2354205
2335497
2335696
2509290
3042167
2514828
2504245
3005987
2523678
2486967
2512969
2504168
2558393
2504246
2505282
2506556
2557338
2512089
2335778
2527805
2488860
2335797
2560056
2556056
2504555
2335671
2335888
2479918
2335818
2505261
2500642
2354121
2499693
2506549
2554630
2335754
2431333
2612668
2504561
2502027
2526299
2558369
2555761
2335688
2488370
3053487
2335644
2504971
2559966
2504556
2960677
2335772
2527756
2495166
2354533
2565792
2335522
2560725
2531855
2516135
2335301
2335694
2354239
3060123
2431313
2335801
2335787
2335659
2502712
2552777
2552660
2470338
3026147
2354336
2504929
2965058
2335689
2500661
2968990
2958022
2509759
2501238
2558166
2965056
2500684
2487733
2500572
3007946
2502590
2557025
2978012
2957596
2617690
3056121
2335702
2495165
2486942
2486937
2557569
2486970
2504632
2517353
2960682
2354544
2504642
2500660
2615075
2335532
2431361
2335771
2354051
2556311
2558383
2431360
2335703
2499819
2553018
2335673
3001923
3024395
2989128
2335718
2528568
2611102
3026114
2574116
2555633
3031339
2335676
2960683
2504046
2516118
2611953
2354054
2552663
2609397
2335810
2335808
2617539
2559233
2529520
2970798
2514871
2500422
2354130
2335665
2335639
2501671
3002059
2990848
2494735
2502477
2500857
2335790
2447641
2500457
2354241
2354170
2335664
2335691
2559935
2470332
2354560
2335725
2560089
2536065
2615259
2502043
2504244
2335701
2525965
2500461
3026011
2532871
2335737
2335675
2515913
2504954
2611557
2431339
2504640
2335651
3019246
2335812
2335640
2497959
2504566
2506560
3003039
2552406
3037050
2354086
2500425
2554674
2556793
2611950
2557856
2335634
3026165
2519811
2335524
2335685
2511447
2526298
2504933
2335783
2964412
2465554
2965169
2611951
2335804
2957076
2502604
2335717
2501722
2354347
2335647
2499117
2504568
2335491
2335666
2335789
2335527
2335661
2501702
2335662
2354218
2335828
2335514
2614933
2504574
2335800
2335602
2960681
2488476
2611722
2555668
2476793
3028712
2502446
2553021
2354016
2335886
2570864
2335774
2497723
2488464
2512983
2566512
2502277
2591290
2335819
3009720
2591303
2501338
2589005
2614206
2498540
3005239
2960676
2515909
2470335
3012403
2335679
2335475
2335773
3001914
2335489
2335709
2614926
2537491
2504229
2501541
3009719
2526824
2567565
2526109
2335658
2501983
2486936
2532870
2335448
2553999
2335813
2509288
2335736
2335735
2488849
2499976
2589311
2494741
3046481
2499933
2335470
2503656
2335687
2504667
2504626
2560086
2335338
2503659
2354364
2335465
2504550
2975070
2354119
2553994
2502041
2335488
2504178
2504641
2335498
2500630
2537490
2509241
2335756
2431258
2618068
2557955
2556754
3009717
2497950
2504955
2504982
2609505
2611954
2431314
2563796
2559755
2555557
2501814
2354562
2502444
2335764
2487721
2335697
2998786
2335530
2527758
2501670
2560999
2560088
2553959
2960675
2354128
3043484
2569886
2519810
2504173
2504669
2531643
2335678
3020411
2965133
3002028
2504644
2354554
2966183
2560087
2335656
2552405
2499014
2559762
3023855
2614930
2431357
2504926
2335716
2503059
2335727
2335525
2615077
2553049
2504951
2354524
2447635
2335449
2335660
2335526
2354193
2512531
2335531
2614020
2492785
2500946
2335472
2611719
2354352
2531642
2951496
2502273
2617232
2335641
2557945
2615258
2560085
2511420
2504648
2431320
2560060
2501926
2335677
2553996
2335682
2555607
2335643
2558506
2354057
2487838
2961618
2587853
2335467
2556655
3037761
2512984
2585978
2504257
3017276
2613316
2569939
2615272
2354127
2532872
2335695
2335706
2504563
2512055
